1.561793492
1.532757587
1.505588559
1.483265469
1.465986921
1.453951518
1.447516749
1.443028298
1.447000378
1.459353547
1.473573594
1.493433994
1.51853754
1.542171417
1.567751613
1.588009221
1.606201348
1.621732181
1.633886746
1.641989789
1.645405778
1.650092833
1.651483061
1.655614024
1.658116434
1.658712246
1.657322018
1.653627984
1.653826588
1.653866309
1.657798668
1.659427221
1.65891085
1.656607044
1.652634964
1.647113773
1.640440678
1.632973168
1.625029007
1.616846522
1.608664037
1.604731678
1.59889272
1.591663535
1.587572292
1.580740314
1.571723693
1.561277122
1.554127378
1.544673827
1.529619644
1.509997568
1.490415213
1.471269787
1.453157102
1.432422844
1.416018154
1.404300517
1.39750826
1.400050392
1.40144062
1.408630085
1.415263458
1.425352542
1.438817893
1.449026139
1.459790476
1.470952021
1.482153287
1.486522575
1.487634757
1.491845162
1.494744781
1.496055567
1.495499476
1.492838182
1.494625618
1.496651379
1.498875744
1.49716775
1.491209629
1.491447954
1.493473715
1.497088308
1.502013687
1.50809097
1.515081831
1.522787666
1.535140835
1.549519765
1.563779533
1.579667853
1.584712395
1.583798816
1.571445647
1.548963674
1.517425358
1.478022324
1.432105078
1.380904966
1.32855295
1.274612103
1.226947142
1.190840934
1.160772288
1.133642981
1.117397173
1.113027885
1.12172674
1.137416457
1.162440561
1.187822153
1.204822656
1.21745387
1.225517193
1.232627216
1.234057165
1.235963764
1.242001325
1.249111349
1.250501577
1.256300814
1.262934187
1.266469339
1.260670102
1.249786602
1.237115667
1.225318589
1.214713135
1.205418468
1.197792074
1.189291823
1.177852232
1.163671906
1.157594624
1.149769626
1.140991329
1.138647802
1.139442218
1.137495898
1.127049328
1.118787401
1.106553395
1.094359109
1.082482589
1.066872315
1.054002775
1.04629694
1.05026902
1.059245921
1.077160002
1.097536773
1.113862022
1.129909225
1.141666582
1.148856047
1.151000971
1.154019752
1.153265056
1.158706806
1.167207057
1.177812511
1.186233321
1.188219361
1.189927355
1.186829133
1.191595629
1.204067961
1.223690036
1.239578356
1.255387235
1.264284695
1.265595481
1.269647003
1.269408678
1.270798906
1.269607282
1.272348017
1.275049032
1.288593825
1.295703848
1.297967934
1.293002834
1.281126314
1.269368957
1.254195611
1.242835462
1.2318328
1.21892354
1.202677733
1.183969235
1.163433581
1.141944628
1.126890445
1.108221668
1.090784237
1.075372566
1.059126758
1.048839071
1.044946433
1.041292119
1.042165977
1.041212677
1.046416102
1.047568005
1.051063436
1.056822952
1.064925995
1.075332845
1.081807336
1.088003781
1.093842738
1.098966722
1.106910882
1.111200728
1.11179654
1.10881748
1.102184107
1.09837091
1.093564693
1.088202385
1.082363427
1.076246424
1.070010258
1.057458485
1.049196558
1.041649606
1.035055953
1.029733366
1.02595989
1.023934129
1.023934129
1.02595989
1.030130574
1.030249736
1.030210015
1.030130574
1.02993197
1.029693645
1.02945532
1.029256716
1.029137554
1.029058112
1.029058112
1.029137554
1.029415599
1.029852528
1.030210015
1.030527782
1.034738187
1.036763948
1.036525623
1.034301258
1.030289457
1.02893895
1.024172454
1.016347456
1.005940606
0.989456474
0.973846199
0.959427548
0.946399126
0.931027176
0.91982591
0.912914491
0.910372359
0.912239237
0.91831652
0.928683649
0.947431867
0.961572472
0.979009903
0.993388833
1.004748982
1.013328675
1.012653422
1.006774743
0.991720559
0.974005082
0.960063081
0.945843035
0.931344942
0.916568804
0.908267157
0.902785687
0.900402438
0.901276296
0.905605863
0.909538223
0.919587585
0.929041136
0.941791513
0.950847855
0.959904198
0.968523612
0.976229447
0.982545055
0.982902542
0.989734519
0.998433375
1.0086019
