0.464265935
0.464265935
0.464265935
0.464156964
0.464047993
0.463939022
0.463775565
0.463666594
0.463503138
0.463394167
0.463339681
0.463285195
0.46323071
0.46323071
0.46323071
0.46323071
0.463285195
0.463339681
0.463448652
0.463557623
0.463666594
0.463775565
0.463884536
0.463939022
0.463993507
0.464047993
0.464102479
0.464156964
0.464265935
0.464320421
0.464429392
0.464483877
0.464592848
0.464647334
0.464647334
0.464647334
0.464647334
0.464647334
0.464701819
0.464701819
0.464701819
0.464701819
0.464701819
0.464701819
0.464701819
0.464701819
0.464756305
0.464756305
0.464865276
0.464919762
0.465028733
0.465137704
0.465246675
0.46530116
0.465355646
0.465410131
0.465464617
0.465464617
0.465410131
0.465355646
0.465246675
0.465137704
0.464974247
0.464756305
0.464592848
0.464429392
0.464265935
0.464102479
0.463939022
0.463775565
0.463557623
0.463394167
0.46323071
0.463121739
0.462958282
0.462903797
0.462794826
0.46274034
0.462685855
0.462685855
0.462631369
0.462576884
0.462576884
0.462522398
0.462467912
0.462413427
0.462358941
0.462304456
0.46224997
0.46224997
0.46224997
0.46224997
0.462304456
0.462413427
0.462467912
0.462522398
0.462576884
0.462631369
0.462685855
0.46274034
0.46274034
0.46274034
0.462685855
0.462576884
0.462522398
0.462413427
0.462358941
0.462358941
0.462413427
0.462467912
0.462522398
0.462576884
0.462522398
0.462467912
0.462413427
0.46224997
0.462140999
0.461977543
0.461814086
0.461650629
0.461487173
0.461269231
0.461105774
0.460996803
0.460887832
0.460833346
0.460833346
0.460887832
0.460942317
0.460996803
0.461051289
0.461105774
0.46116026
0.46116026
0.46116026
0.461269231
0.466935726
0.469660003
0.475380984
0.481210937
0.484425583
0.476852094
0.459798121
0.423183841
0.380576152
0.341836936
0.301790067
0.269589115
0.245343052
0.234609401
0.228779449
0.233683147
0.240875238
0.256567072
0.272422363
0.283755355
0.300318958
0.308382817
0.322331114
0.333064765
0.336388382
0.328106581
0.318789554
0.298684392
0.285934776
0.283864326
0.278252316
0.273021704
0.272422363
0.271496109
0.270787797
0.27563701
0.276999148
0.285825805
0.283646384
0.281575933
0.27966894
0.272694791
0.264358504
0.258528552
0.249919837
0.247794901
0.251990287
0.253461397
0.257438841
0.263541221
0.267791093
0.266646897
0.268826318
0.268826318
0.275691495
0.278524743
0.286479632
0.299338218
0.308055904
0.317808815
0.319116468
0.316991532
0.310780181
0.309091129
0.305930968
0.310126354
0.316010792
0.323693253
0.333010279
0.344016357
0.356711487
0.361887613
0.364829832
0.365265716
0.362868353
0.357310828
0.357474285
0.357637741
0.357855684
0.358073626
0.358291568
0.358563996
0.358836423
0.359163336
0.364993289
0.36766308
0.367390652
0.370278386
0.373547518
0.374528258
0.370823241
0.355022436
0.328651436
0.293344809
0.245288566
0.189168464
0.129615774
0.071098308
0.023368979
-0.01874834
-0.046045594
-0.058413811
-0.061410515
-0.046481478
-0.013899128
0.026747082
0.080524306
0.146615261
0.214885637
0.28075865
0.339167145
0.39049252
0.429558649
0.454839937
0.464538363
0.471839425
0.47031383
0.462958282
0.458653925
0.442689663
0.430375932
0.407655463
0.375726939
0.344452242
0.30969047
0.267028295
0.22681797
0.190149204
0.152336242
0.123404423
0.104007572
0.089133021
0.079325624
0.080197393
0.086299773
0.106078022
0.130215115
0.163505777
0.205296183
0.24561548
0.289040452
0.325273333
0.358618481
0.393271282
0.419424339
0.435933456
0.45663796
0.472166338
0.478868059
0.482736532
0.475380984
0.449009985
0.419642281
0.374800685
0.316446676
0.255695304
0.189331921
0.125093474
0.056877583
-0.012754931
-0.081025308
-0.14531824
-0.202909452
-0.250965694
-0.295752805
